100.000 0.100 10
60.128 91.370 26.673 0.000 0.000 0.000 999999569582963556352.000
75.318 45.917 90.570 0.000 0.000 0.000 1000000099610769489920.000
31.344 37.555 13.878 0.000 0.000 0.000 999999795699150225408.000
11.972 91.902 60.349 0.000 0.000 0.000 1000000654950566330368.000
89.753 48.974 21.934 0.000 0.000 0.000 1000000169554410733568.000
70.600 81.377 6.190 0.000 0.000 0.000 1000000953048368807936.000
27.758 41.005 22.520 0.000 0.000 0.000 999998970010079723520.000
72.443 32.682 30.766 0.000 0.000 0.000 999999523610645364736.000
21.983 69.186 4.664 0.000 0.000 0.000 1000000531383121084416.000
23.261 92.007 39.864 0.000 0.000 0.000 1000002431754379198464.000
